filtro_sharpen = [[0, -1, 0], [-1, 5, -1], [0, -1, 0]]
filtro_left_sobel = [[1, 0, -1], [2, 0, -2], [1, 0, -1]]
filtro_emboss = [[-2, -1, 0], [-1, 1, 1], [0, 1, 2]]
filtro_blur = [[0.04, 0.04, 0.04, 0.04, 0.04], [0.04, 0.04, 0.04, 0.04, 0.04], [0.04, 0.04, 0.04, 0.04, 0.04], [0.04, 0.04, 0.04, 0.04, 0.04], [0.04, 0.04, 0.04, 0.04, 0.04] ]
filtro_unsharp = [[-0.00390625, -0.015625, -0.0234375, -0.015625, -0.00390625], [-0.015625, -0.0625, -0.09375, -0.0625, -0.015625], [-0.0234375, -0.09375, 1.859375, -0.09375, -0.0234375], [-0.015625, -0.0625, -0.09375, -0.0625, -0.015625], [-0.00390625, -0.015625, -0.0234375, -0.015625, -0.00390625]]
